{
 "cells": [
  {
   "cell_type": "code",
   "execution_count": 1,
   "metadata": {},
   "outputs": [
    {
     "name": "stdout",
     "output_type": "stream",
     "text": [
      "[[0.1501565 ]\n",
      " [0.13702703]\n",
      " [0.97462368]\n",
      " [2.4949441 ]\n",
      " [2.30929518]\n",
      " [0.27503824]\n",
      " [0.165133  ]\n",
      " [0.26279104]\n",
      " [0.45380211]\n",
      " [0.62461821]\n",
      " [0.36550657]\n",
      " [0.59684221]\n",
      " [0.13696337]\n",
      " [0.14592463]\n",
      " [1.0328238 ]\n",
      " [0.46058695]\n",
      " [0.25273061]\n",
      " [0.15635991]\n",
      " [0.24503851]\n",
      " [0.5454073 ]\n",
      " [0.54948696]\n",
      " [0.38950745]\n",
      " [0.35875085]\n",
      " [0.29513454]\n",
      " [0.22189564]\n",
      " [0.22673669]\n",
      " [1.82070994]\n",
      " [0.27997311]\n",
      " [0.19353763]\n",
      " [0.23423004]\n",
      " [0.16151452]\n",
      " [0.10536623]\n",
      " [0.23579919]\n",
      " [0.16791153]\n",
      " [0.29723692]\n",
      " [0.13135576]\n",
      " [0.25474739]\n",
      " [0.77353406]\n",
      " [0.24783454]\n",
      " [0.18087643]\n",
      " [1.23999643]\n",
      " [0.15614593]\n",
      " [0.13619641]\n",
      " [0.2457428 ]\n",
      " [0.17282597]\n",
      " [0.11189651]\n",
      " [0.        ]\n",
      " [0.29264736]\n",
      " [0.40739381]\n",
      " [0.23163785]\n",
      " [0.05973442]\n",
      " [0.17628495]\n",
      " [1.37769318]\n",
      " [0.234209  ]\n",
      " [0.2246244 ]\n",
      " [0.08494274]\n",
      " [0.18737698]\n",
      " [0.1813759 ]\n",
      " [0.21038445]\n",
      " [0.22327487]\n",
      " [0.22150565]]\n",
      "(61, 1)\n",
      "[0.1501565  0.13702703 0.97462368 2.4949441  2.30929518 0.27503824\n",
      " 0.165133   0.26279104 0.45380211 0.62461821 0.36550657 0.59684221\n",
      " 0.13696337 0.14592463 1.0328238  0.46058695 0.25273061 0.15635991\n",
      " 0.24503851 0.5454073  0.54948696 0.38950745 0.35875085 0.29513454\n",
      " 0.22189564 0.22673669 1.82070994 0.27997311 0.19353763 0.23423004\n",
      " 0.16151452 0.10536623 0.23579919 0.16791153 0.29723692 0.13135576\n",
      " 0.25474739 0.77353406 0.24783454 0.18087643 1.23999643 0.15614593\n",
      " 0.13619641 0.2457428  0.17282597 0.11189651 0.         0.29264736\n",
      " 0.40739381 0.23163785 0.05973442 0.17628495 1.37769318 0.234209\n",
      " 0.2246244  0.08494274 0.18737698 0.1813759  0.21038445 0.22327487\n",
      " 0.22150565]\n",
      "5\n",
      "[1 1 1 1 1 1 1 1 1 1 1 1 1 1 1 1 1 1 1 1 1 1 1 1 1 1 1 1 1 1 1 1 1 1 1 1 1\n",
      " 1 1 1 1 1 1 1 1 1 1 1 1 1 1 1 1 1 1 1 1 1 1 1 1]\n",
      "(61,)\n",
      "61\n"
     ]
    }
   ],
   "source": [
    "import numpy as np\n",
    "import os\n",
    "import pandas as pd\n",
    "from pathlib import Path\n",
    "\n",
    "PROCESSED_DATA_DIR = os.path.join('..', 'data', 'processed')\n",
    "MODEL_DIR = os.path.join('..', 'models')\n",
    "\n",
    "PROCESSED_DATA_DIR_MODERN = Path('../data/processed')\n",
    "MODEL_DIR_MODERN = Path('../models')\n",
    "\n",
    "features = np.array([])\n",
    "labels = []\n",
    "files = os.listdir(PROCESSED_DATA_DIR)\n",
    "for file in files:  # Iterate over all processed feature files\n",
    "    feature_data = pd.read_csv(os.path.join(PROCESSED_DATA_DIR, file), index_col=0)\n",
    "    features = np.append(features,feature_data.values) \n",
    "    labels.extend([1] * feature_data.shape[0]) # Replace with actual labels in a real use case\n",
    "\n",
    "T,Tc = features,len(files)\n",
    "J,Jc = np.array(labels),len(labels)\n",
    "X = T.reshape(-1,1)\n",
    "\n",
    "print(X)\n",
    "print(X.shape)\n",
    "print(T)\n",
    "print(Tc)\n",
    "print(J)\n",
    "print(J.shape)\n",
    "print(Jc)\n"
   ]
  },
  {
   "cell_type": "code",
   "execution_count": 3,
   "metadata": {},
   "outputs": [
    {
     "name": "stdout",
     "output_type": "stream",
     "text": [
      "[[0.84383035 0.62296549 0.3213194  0.55292547 0.55508807 0.17327735\n",
      "  0.62194407 0.3807954  0.65929255 0.14667565]\n",
      " [0.60927181 0.70579626 0.25036821 0.21263315 0.33169884 0.42169003\n",
      "  0.44437773 0.97054579 0.05746222 0.58613685]\n",
      " [0.13684402 0.09551769 0.46731314 0.96596995 0.70729446 0.19553695\n",
      "  0.92807646 0.03636207 0.17726602 0.97138629]\n",
      " [0.14846173 0.36311146 0.68807558 0.61822155 0.32335111 0.58739671\n",
      "  0.57356546 0.62004918 0.26095292 0.81819483]\n",
      " [0.00333348 0.58122704 0.69813838 0.69114726 0.23735164 0.51061631\n",
      "  0.9582077  0.88684612 0.48377242 0.78239887]\n",
      " [0.58781427 0.03547741 0.59046303 0.60146706 0.79125352 0.33893306\n",
      "  0.87788555 0.67309501 0.35986956 0.09039044]\n",
      " [0.07197669 0.30844835 0.55320532 0.72236495 0.1132371  0.47759958\n",
      "  0.52289772 0.49842709 0.19973368 0.89297307]\n",
      " [0.59696318 0.70162796 0.01006568 0.71003835 0.83125246 0.04081632\n",
      "  0.44346339 0.46591455 0.37536834 0.08444932]\n",
      " [0.04380395 0.94235757 0.87266674 0.96479218 0.20119763 0.00355734\n",
      "  0.91020683 0.85138844 0.68280407 0.46083772]\n",
      " [0.26865075 0.81528459 0.66609183 0.67527483 0.32930419 0.12200087\n",
      "  0.01879906 0.36557952 0.26419165 0.61169303]\n",
      " [0.00809197 0.23240569 0.94212204 0.43188445 0.55943022 0.81976396\n",
      "  0.36610694 0.24808283 0.64471983 0.62221898]\n",
      " [0.0505117  0.61915438 0.62308535 0.71063975 0.71007254 0.42653972\n",
      "  0.02812181 0.96677367 0.94193678 0.14778832]\n",
      " [0.82189397 0.49884835 0.44115069 0.01849777 0.26202676 0.47284714\n",
      "  0.64710164 0.35627969 0.28425188 0.66901808]\n",
      " [0.49992544 0.16456825 0.47598749 0.47274593 0.66841426 0.80351382\n",
      "  0.18473005 0.97591747 0.10086494 0.73770825]\n",
      " [0.48329604 0.68046441 0.96375996 0.04065095 0.60876445 0.43126737\n",
      "  0.97017003 0.32934973 0.56047083 0.45911205]\n",
      " [0.54208174 0.18032617 0.41926673 0.25790796 0.10880729 0.34095463\n",
      "  0.4307615  0.41031154 0.95314531 0.13674217]\n",
      " [0.52909895 0.85849156 0.41531372 0.12640265 0.26525025 0.83121233\n",
      "  0.81960422 0.1366632  0.45185089 0.50688562]\n",
      " [0.5695688  0.22556762 0.79172693 0.72059523 0.70441214 0.66893703\n",
      "  0.58230703 0.86746633 0.963385   0.73379328]\n",
      " [0.7481847  0.67815631 0.88620369 0.47523816 0.80474902 0.29960406\n",
      "  0.22492793 0.24683049 0.75114852 0.61338489]\n",
      " [0.04147035 0.07936004 0.15168328 0.48740201 0.3365538  0.19580541\n",
      "  0.70655111 0.59818641 0.59076145 0.61706973]\n",
      " [0.5363748  0.4683185  0.25079362 0.54216642 0.91223532 0.88861945\n",
      "  0.08199841 0.87276551 0.46895915 0.15744614]\n",
      " [0.213307   0.23087164 0.68604032 0.0845145  0.41546556 0.75803252\n",
      "  0.35143609 0.8148212  0.83108191 0.56372778]\n",
      " [0.84339494 0.10514401 0.4430213  0.58747971 0.31157163 0.22924265\n",
      "  0.57505083 0.73749458 0.65105464 0.43110045]]\n",
      "[0 1 0 1 1 1 1 0 0 1 0 1 1 0 0 1 1 1 0 1 1 1 1]\n",
      "[[0.49992544 0.16456825 0.47598749 0.47274593 0.66841426 0.80351382\n",
      "  0.18473005 0.97591747 0.10086494 0.73770825]\n",
      " [0.58781427 0.03547741 0.59046303 0.60146706 0.79125352 0.33893306\n",
      "  0.87788555 0.67309501 0.35986956 0.09039044]\n",
      " [0.13684402 0.09551769 0.46731314 0.96596995 0.70729446 0.19553695\n",
      "  0.92807646 0.03636207 0.17726602 0.97138629]\n",
      " [0.0505117  0.61915438 0.62308535 0.71063975 0.71007254 0.42653972\n",
      "  0.02812181 0.96677367 0.94193678 0.14778832]\n",
      " [0.5363748  0.4683185  0.25079362 0.54216642 0.91223532 0.88861945\n",
      "  0.08199841 0.87276551 0.46895915 0.15744614]\n",
      " [0.14846173 0.36311146 0.68807558 0.61822155 0.32335111 0.58739671\n",
      "  0.57356546 0.62004918 0.26095292 0.81819483]\n",
      " [0.00333348 0.58122704 0.69813838 0.69114726 0.23735164 0.51061631\n",
      "  0.9582077  0.88684612 0.48377242 0.78239887]\n",
      " [0.7481847  0.67815631 0.88620369 0.47523816 0.80474902 0.29960406\n",
      "  0.22492793 0.24683049 0.75114852 0.61338489]\n",
      " [0.52909895 0.85849156 0.41531372 0.12640265 0.26525025 0.83121233\n",
      "  0.81960422 0.1366632  0.45185089 0.50688562]\n",
      " [0.213307   0.23087164 0.68604032 0.0845145  0.41546556 0.75803252\n",
      "  0.35143609 0.8148212  0.83108191 0.56372778]\n",
      " [0.84339494 0.10514401 0.4430213  0.58747971 0.31157163 0.22924265\n",
      "  0.57505083 0.73749458 0.65105464 0.43110045]\n",
      " [0.59696318 0.70162796 0.01006568 0.71003835 0.83125246 0.04081632\n",
      "  0.44346339 0.46591455 0.37536834 0.08444932]\n",
      " [0.00809197 0.23240569 0.94212204 0.43188445 0.55943022 0.81976396\n",
      "  0.36610694 0.24808283 0.64471983 0.62221898]\n",
      " [0.48329604 0.68046441 0.96375996 0.04065095 0.60876445 0.43126737\n",
      "  0.97017003 0.32934973 0.56047083 0.45911205]\n",
      " [0.04147035 0.07936004 0.15168328 0.48740201 0.3365538  0.19580541\n",
      "  0.70655111 0.59818641 0.59076145 0.61706973]\n",
      " [0.07197669 0.30844835 0.55320532 0.72236495 0.1132371  0.47759958\n",
      "  0.52289772 0.49842709 0.19973368 0.89297307]] [[0.54208174 0.18032617 0.41926673 0.25790796 0.10880729 0.34095463\n",
      "  0.4307615  0.41031154 0.95314531 0.13674217]\n",
      " [0.26865075 0.81528459 0.66609183 0.67527483 0.32930419 0.12200087\n",
      "  0.01879906 0.36557952 0.26419165 0.61169303]\n",
      " [0.84383035 0.62296549 0.3213194  0.55292547 0.55508807 0.17327735\n",
      "  0.62194407 0.3807954  0.65929255 0.14667565]\n",
      " [0.04380395 0.94235757 0.87266674 0.96479218 0.20119763 0.00355734\n",
      "  0.91020683 0.85138844 0.68280407 0.46083772]\n",
      " [0.5695688  0.22556762 0.79172693 0.72059523 0.70441214 0.66893703\n",
      "  0.58230703 0.86746633 0.963385   0.73379328]\n",
      " [0.82189397 0.49884835 0.44115069 0.01849777 0.26202676 0.47284714\n",
      "  0.64710164 0.35627969 0.28425188 0.66901808]\n",
      " [0.60927181 0.70579626 0.25036821 0.21263315 0.33169884 0.42169003\n",
      "  0.44437773 0.97054579 0.05746222 0.58613685]] [0 1 0 1 1 1 1 0 1 1 1 0 0 0 1 1] [1 1 0 0 1 1 1]\n"
     ]
    },
    {
     "ename": "",
     "evalue": "",
     "output_type": "error",
     "traceback": [
      "\u001b[1;31mThe Kernel crashed while executing code in the current cell or a previous cell. \n",
      "\u001b[1;31mPlease review the code in the cell(s) to identify a possible cause of the failure. \n",
      "\u001b[1;31mClick <a href='https://aka.ms/vscodeJupyterKernelCrash'>here</a> for more info. \n",
      "\u001b[1;31mView Jupyter <a href='command:jupyter.viewOutput'>log</a> for further details."
     ]
    }
   ],
   "source": [
    "c = np.random.rand(23,10)\n",
    "y = np.random.randint(0,2,23)\n",
    "\n",
    "print(c)\n",
    "print(y)\n",
    "\n",
    "# Now train_test_split should work without errors\n",
    "from sklearn.model_selection import train_test_split\n",
    "X_train, X_test, y_train, y_test = train_test_split(c, y, test_size=0.3, random_state=42)\n",
    "\n",
    "print(X_train,X_test, y_train,y_test,)"
   ]
  }
 ],
 "metadata": {
  "kernelspec": {
   "display_name": "env",
   "language": "python",
   "name": "python3"
  },
  "language_info": {
   "codemirror_mode": {
    "name": "ipython",
    "version": 3
   },
   "file_extension": ".py",
   "mimetype": "text/x-python",
   "name": "python",
   "nbconvert_exporter": "python",
   "pygments_lexer": "ipython3",
   "version": "3.10.6"
  }
 },
 "nbformat": 4,
 "nbformat_minor": 2
}
